N dataset population_size generations cross_validation cv_folds fitness0 accuracy0 fitness1 accuracy1 fitness2 accuracy2 fitness3 accuracy3 fitness4 accuracy4 mean_fitness mean_accuracy time
1 vowel.scale 1 1 False 10 0.6515151 63.63636363636363 0.9545454 93.18181818181817 0.28030303 31.818181818181817 0.9166666 86.36363636363636 0.12878788 12.121212121212121 0.586364 57.424242 0.530813
2 vowel.scale 1 2 False 10 0.6515151 63.63636363636363 0.7045455 74.24242424242425 0.57575756 58.333333333333336 0.78787875 69.6969696969697 0.72727275 74.24242424242425 0.689394 68.030303 0.482862
3 vowel.scale 1 3 False 10 0.76515156 75.75757575757575 0.62878793 65.9090909090909 0.56060606 53.78787878787878 0.530303 40.909090909090914 0.78030306 84.0909090909091 0.653030 64.090909 0.566605
4 vowel.scale 1 4 False 10 0.8712121 87.12121212121212 0.14393939 15.151515151515152 0.72727275 67.42424242424242 0.8333333 78.03030303030303 0.84090906 85.60606060606061 0.683333 66.666667 0.572938
5 vowel.scale 1 5 False 10 0.36363637 43.93939393939394 0.3181818 24.242424242424242 0.8030303 78.78787878787878 0.9166666 86.36363636363636 0.44696972 56.81818181818182 0.569697 58.030303 0.599492
6 vowel.scale 1 6 False 10 0.4848485 48.484848484848484 0.62878793 66.66666666666666 0.54545456 53.78787878787878 0.9469697 87.87878787878788 0.22727272 25.757575757575758 0.566667 56.515152 0.648859
7 vowel.scale 1 7 False 10 0.88636357 88.63636363636364 0.9469697 93.18181818181817 0.72727275 67.42424242424242 0.7424242 67.42424242424242 0.88636357 93.93939393939394 0.837879 82.121212 0.759271
8 vowel.scale 3 1 False 10 0.9015151 89.39393939393939 0.7121212 74.24242424242425 0.72727275 67.42424242424242 0.9242424 86.36363636363636 0.6666667 68.18181818181817 0.786364 77.121212 0.650570
9 vowel.scale 3 2 False 10 0.9015151 87.87878787878788 0.7121212 74.24242424242425 0.72727275 67.42424242424242 0.8560606 78.78787878787878 0.6666667 68.93939393939394 0.772727 75.454545 0.781760
10 vowel.scale 3 3 False 10 0.6515151 63.63636363636363 0.719697 75.75757575757575 0.84090906 79.54545454545455 0.9015151 80.3030303030303 0.88636357 93.93939393939394 0.800000 78.636364 0.783114
11 vowel.scale 3 4 False 10 0.6515151 63.63636363636363 0.7348485 70.45454545454545 0.9242424 90.9090909090909 0.8560606 81.06060606060606 0.7121212 79.54545454545455 0.775758 77.121212 0.889824
12 vowel.scale 3 5 False 10 0.8333333 84.0909090909091 0.9545454 94.6969696969697 0.5681818 53.78787878787878 0.7121212 70.45454545454545 0.88636357 93.93939393939394 0.790909 79.393939 15.880229
13 vowel.scale 3 6 False 10 0.9015151 89.39393939393939 0.7575758 76.51515151515152 0.9166666 87.12121212121212 0.8484848 80.3030303030303 0.7575758 78.78787878787878 0.836364 82.424242 1.033200
14 vowel.scale 3 7 False 10 0.76515156 75.0 0.9469697 93.18181818181817 0.9166666 87.12121212121212 0.87878793 75.75757575757575 0.88636357 91.66666666666666 0.878788 84.545455 1.207110
15 vowel.scale 5 1 False 10 0.6515151 63.63636363636363 0.8181818 82.57575757575758 0.9166666 87.12121212121212 0.8712121 77.27272727272727 0.88636357 93.93939393939394 0.828788 80.909091 11.642727
16 vowel.scale 5 2 False 10 0.9015151 89.39393939393939 0.8939394 90.15151515151516 0.9166666 87.12121212121212 0.7575758 76.51515151515152 0.8257576 87.87878787878788 0.859091 86.212121 0.882462
17 vowel.scale 5 3 False 10 0.9015151 89.39393939393939 0.969697 93.93939393939394 0.9166666 87.12121212121212 0.9166666 86.36363636363636 0.67424244 68.18181818181817 0.875758 85.000000 0.973229
18 vowel.scale 5 4 False 10 0.9015151 89.39393939393939 0.9469697 93.18181818181817 0.8181818 81.06060606060606 0.9166666 87.12121212121212 0.8030303 83.33333333333334 0.877273 86.818182 42.435277
19 vowel.scale 5 5 False 10 0.81060606 81.06060606060606 0.9545454 90.9090909090909 0.9166666 87.12121212121212 0.9242424 86.36363636363636 0.78787875 84.84848484848484 0.878788 86.060606 1.217379
20 vowel.scale 5 6 False 10 0.9015151 89.39393939393939 0.9469697 93.18181818181817 0.9166666 86.36363636363636 0.9166666 86.36363636363636 0.8560606 89.39393939393939 0.907576 88.939394 1.244716
21 vowel.scale 5 7 False 10 0.9015151 89.39393939393939 0.969697 95.45454545454545 0.9015151 87.12121212121212 0.9166666 86.36363636363636 0.7954545 81.06060606060606 0.896970 87.878788 1.385967
22 vowel.scale 7 1 False 10 0.9015151 89.39393939393939 0.8636364 83.33333333333334 0.8030303 72.72727272727273 0.9166666 86.36363636363636 0.9166666 94.6969696969697 0.880303 85.303030 12.209375
23 vowel.scale 7 2 False 10 0.77272725 77.27272727272727 0.9545454 93.93939393939394 0.9469697 92.42424242424242 0.9469697 87.87878787878788 0.88636357 93.93939393939394 0.901515 89.090909 1.035424
24 vowel.scale 7 3 False 10 0.8939394 89.39393939393939 0.9469697 92.42424242424242 0.939394 92.42424242424242 0.9469697 87.87878787878788 0.87878793 93.93939393939394 0.921212 91.212121 39.565042
25 vowel.scale 7 4 False 10 0.9015151 89.39393939393939 0.9545454 93.18181818181817 0.9166666 87.12121212121212 0.9469697 87.87878787878788 0.88636357 93.93939393939394 0.921212 90.303030 16.612286
26 vowel.scale 7 5 False 10 0.9015151 89.39393939393939 0.9469697 93.18181818181817 0.9242424 87.12121212121212 0.78787875 69.6969696969697 0.9015151 92.42424242424242 0.892424 86.363636 1.492607
27 vowel.scale 7 6 False 10 0.9090909 92.42424242424242 0.9469697 93.18181818181817 0.9166666 87.12121212121212 0.9469697 87.87878787878788 0.88636357 93.93939393939394 0.921212 90.909091 1.470965
28 vowel.scale 7 7 False 10 0.88636357 84.84848484848484 0.969697 95.45454545454545 0.9166666 87.12121212121212 0.9469697 87.87878787878788 0.88636357 93.93939393939394 0.921212 89.848485 36.166163
29 vowel.scale 9 1 False 10 0.41666666 89.39393939393939 0.7121212 75.0 0.7424242 67.42424242424242 0.78030306 75.75757575757575 0.3181818 68.93939393939394 0.593939 75.303030 10.328049
30 vowel.scale 9 2 False 10 0.9090909 64.39393939393939 0.7121212 74.24242424242425 0.8181818 25.757575757575758 0.9469697 80.3030303030303 0.50757575 58.333333333333336 0.778788 60.606061 23.013698
31 vowel.scale 9 3 False 10 0.9015151 31.060606060606062 0.9545454 89.39393939393939 0.7954545 75.75757575757575 0.8484848 80.3030303030303 0.9015151 71.96969696969697 0.880303 69.696970 29.931540
32 vowel.scale 9 4 False 10 0.8030303 71.21212121212122 0.7121212 75.75757575757575 0.57575756 53.03030303030303 0.5833333 40.15151515151515 0.8484848 62.121212121212125 0.704545 60.454545 38.325606
33 vowel.scale 9 5 False 10 0.7575758 63.63636363636363 0.8939394 54.54545454545454 0.9242424 31.818181818181817 0.78030306 18.939393939393938 0.84090906 65.15151515151516 0.839394 46.818182 49.121154
34 vowel.scale 9 6 False 10 0.8333333 63.63636363636363 0.9242424 90.15151515151516 0.9166666 67.42424242424242 0.9166666 84.84848484848484 0.88636357 68.93939393939394 0.895454 75.000000 54.996695
35 vowel.scale 9 7 False 10 0.81060606 46.96969696969697 0.9545454 83.33333333333334 0.939394 67.42424242424242 0.9090909 33.33333333333333 0.76515156 68.93939393939394 0.875758 60.000000 76.532011
36 vowel.scale 11 1 False 10 0.9166666 90.9090909090909 0.9469697 73.48484848484848 0.9545454 68.18181818181817 0.7045455 42.42424242424242 0.72727275 74.24242424242425 0.850000 69.848485 46.854879
37 vowel.scale 11 2 False 10 0.9242424 30.303030303030305 0.76515156 78.78787878787878 0.87878793 78.03030303030303 0.9166666 87.12121212121212 0.78030306 81.81818181818183 0.853030 71.212121 44.645192
38 vowel.scale 11 3 False 10 0.9242424 50.0 0.7045455 75.75757575757575 0.939394 92.42424242424242 0.9090909 87.12121212121212 0.9015151 80.3030303030303 0.875758 77.121212 37.176837
39 vowel.scale 11 4 False 10 0.9090909 90.15151515151516 0.7121212 52.27272727272727 0.72727275 71.96969696969697 0.8333333 66.66666666666666 0.9015151 93.93939393939394 0.816667 75.000000 41.930117
40 vowel.scale 11 5 False 10 0.57575756 62.121212121212125 0.9469697 93.18181818181817 0.9469697 92.42424242424242 0.9166666 86.36363636363636 0.9015151 88.63636363636364 0.857576 84.545455 58.217573
41 vowel.scale 11 6 False 10 0.9015151 83.33333333333334 0.9469697 75.0 0.939394 92.42424242424242 0.77272725 76.51515151515152 0.72727275 68.93939393939394 0.857576 79.242424 62.274338
42 vowel.scale 11 7 False 10 0.9166666 77.27272727272727 1.0 69.6969696969697 0.9090909 83.33333333333334 0.9469697 87.12121212121212 0.88636357 90.15151515151516 0.931818 81.515152 80.237299
43 vowel.scale 13 1 False 10 0.9015151 89.39393939393939 0.9090909 89.39393939393939 0.9166666 87.12121212121212 0.939394 87.12121212121212 0.76515156 12.121212121212121 0.886364 73.030303 14.947516
44 vowel.scale 13 2 False 10 0.9166666 78.03030303030303 0.9469697 90.15151515151516 0.9318181 92.42424242424242 0.9015151 79.54545454545455 0.87878793 35.60606060606061 0.915151 75.151515 22.808651
45 vowel.scale 13 3 False 10 0.9015151 89.39393939393939 0.8939394 90.15151515151516 0.75 68.93939393939394 0.76515156 76.51515151515152 0.72727275 84.0909090909091 0.807576 81.818182 32.414411
46 vowel.scale 13 4 False 10 0.9242424 74.24242424242425 0.9469697 93.18181818181817 0.9166666 71.21212121212122 0.9242424 87.12121212121212 0.9015151 93.18181818181817 0.922727 83.787879 43.694266
47 vowel.scale 13 5 False 10 0.9166666 37.121212121212125 0.9469697 93.18181818181817 0.9242424 87.12121212121212 0.9166666 86.36363636363636 0.8939394 78.78787878787878 0.919697 76.515152 50.908227
48 vowel.scale 13 6 False 10 0.9015151 89.39393939393939 0.7121212 74.24242424242425 0.9469697 92.42424242424242 0.9242424 25.757575757575758 0.9015151 93.93939393939394 0.877273 75.151515 82.559369
49 vowel.scale 13 7 False 10 0.8712121 86.36363636363636 0.9545454 14.393939393939394 0.9242424 88.63636363636364 0.9469697 87.87878787878788 0.88636357 93.93939393939394 0.916667 74.242424 85.170864
50 vowel.scale 15 1 False 10 0.9090909 7.575757575757576 0.9469697 21.96969696969697 0.9242424 90.9090909090909 0.9469697 70.45454545454545 0.77272725 85.60606060606061 0.900000 55.303030 12.650739
51 vowel.scale 15 2 False 10 0.8333333 78.03030303030303 0.9469697 93.18181818181817 0.8560606 67.42424242424242 0.8484848 80.3030303030303 0.9015151 27.27272727272727 0.877273 69.242424 26.539776
52 vowel.scale 15 3 False 10 0.9015151 89.39393939393939 0.9545454 93.18181818181817 0.87878793 78.03030303030303 0.9166666 87.12121212121212 0.8939394 93.93939393939394 0.909091 88.333333 30.706181
53 vowel.scale 15 4 False 10 0.87878793 85.60606060606061 0.9469697 8.333333333333332 0.87878793 49.24242424242424 0.96212125 19.696969696969695 0.84090906 68.18181818181817 0.901515 46.212121 47.007599
54 vowel.scale 15 5 False 10 0.9166666 87.87878787878788 0.9469697 93.18181818181817 0.9469697 51.515151515151516 0.9469697 87.87878787878788 0.9015151 93.93939393939394 0.931818 82.878788 71.478392
55 vowel.scale 15 6 False 10 0.8939394 83.33333333333334 0.8939394 90.15151515151516 0.9469697 90.9090909090909 0.9166666 86.36363636363636 0.88636357 93.93939393939394 0.907576 88.939394 71.401721
56 vowel.scale 15 7 False 10 0.8636364 86.36363636363636 0.9545454 78.78787878787878 0.9318181 88.63636363636364 0.9242424 86.36363636363636 0.8030303 81.06060606060606 0.895455 84.242424 74.888814
57 vowel.scale 17 1 False 10 0.9015151 42.42424242424242 0.96212125 62.878787878787875 0.9166666 87.12121212121212 0.939394 33.33333333333333 0.6666667 27.27272727272727 0.877273 50.606061 45.465273
58 vowel.scale 17 2 False 10 0.9166666 91.66666666666666 0.9469697 93.18181818181817 0.939394 92.42424242424242 0.9242424 86.36363636363636 0.8939394 10.606060606060606 0.924242 74.848485 41.603061
59 vowel.scale 17 3 False 10 0.9242424 88.63636363636364 0.9545454 64.39393939393939 0.8484848 80.3030303030303 0.9469697 77.27272727272727 0.88636357 94.6969696969697 0.912121 81.060606 43.645283
60 vowel.scale 17 4 False 10 0.9166666 90.15151515151516 0.939394 93.18181818181817 0.9242424 87.12121212121212 0.9469697 87.87878787878788 0.9166666 68.93939393939394 0.928788 85.454545 53.143405
61 vowel.scale 17 5 False 10 0.939394 63.63636363636363 0.9469697 92.42424242424242 0.87878793 18.181818181818183 0.9166666 84.84848484848484 0.9166666 93.18181818181817 0.919697 70.454545 55.330328
62 vowel.scale 17 6 False 10 0.8484848 83.33333333333334 0.9545454 93.18181818181817 0.9166666 71.96969696969697 0.87878793 84.84848484848484 0.9015151 7.575757575757576 0.900000 68.181818 71.995353
63 vowel.scale 17 7 False 10 0.9090909 75.75757575757575 0.9545454 95.45454545454545 0.9090909 67.42424242424242 0.9318181 87.12121212121212 0.9166666 93.18181818181817 0.924242 83.787879 191.984651
64 vowel.scale 19 1 False 10 0.9090909 90.9090909090909 0.96212125 93.93939393939394 0.9318181 90.15151515151516 0.8939394 84.0909090909091 0.9015151 36.36363636363637 0.919697 79.090909 53.292378
65 vowel.scale 19 2 False 10 0.9015151 89.39393939393939 0.969697 12.878787878787879 0.72727275 67.42424242424242 0.9166666 86.36363636363636 0.8333333 84.0909090909091 0.869697 68.030303 23.526069
66 vowel.scale 19 3 False 10 0.9242424 85.60606060606061 0.9469697 93.18181818181817 0.939394 91.66666666666666 0.9242424 72.72727272727273 0.9015151 19.696969696969695 0.927273 72.575758 60.117414
67 vowel.scale 19 4 False 10 0.9318181 93.18181818181817 0.96212125 95.45454545454545 0.9469697 92.42424242424242 0.9090909 81.81818181818183 0.9015151 62.121212121212125 0.930303 85.000000 56.528048
68 vowel.scale 19 5 False 10 0.9015151 89.39393939393939 0.9469697 93.18181818181817 0.9469697 90.9090909090909 0.9242424 6.8181818181818175 0.88636357 93.93939393939394 0.921212 74.848485 78.855332
69 vowel.scale 19 6 False 10 0.9166666 87.87878787878788 0.969697 95.45454545454545 0.9166666 87.12121212121212 0.9469697 87.87878787878788 0.8939394 34.84848484848485 0.928788 78.636364 66.535348
70 vowel.scale 19 7 False 10 0.9166666 89.39393939393939 0.9469697 84.0909090909091 0.9242424 88.63636363636364 0.9318181 86.36363636363636 0.9015151 68.93939393939394 0.924242 83.484848 101.805646
71 vowel.scale 21 1 False 10 0.9318181 92.42424242424242 0.98484844 97.72727272727273 0.9090909 86.36363636363636 0.8484848 80.3030303030303 0.9015151 53.03030303030303 0.915151 81.969697 12.336517
72 vowel.scale 21 2 False 10 0.9166666 91.66666666666666 0.969697 92.42424242424242 0.9318181 89.39393939393939 0.9015151 85.60606060606061 0.9166666 68.93939393939394 0.927273 85.606061 39.303768
73 vowel.scale 21 3 False 10 0.9166666 53.78787878787878 0.9545454 94.6969696969697 0.9166666 87.87878787878788 0.9469697 87.87878787878788 0.9015151 23.484848484848484 0.927273 69.545455 50.517780
74 vowel.scale 21 4 False 10 0.939394 91.66666666666666 1.0 96.96969696969697 0.9242424 78.03030303030303 0.9242424 28.78787878787879 0.88636357 93.93939393939394 0.934848 77.878788 38.974391
75 vowel.scale 21 5 False 10 0.8636364 84.0909090909091 0.969697 95.45454545454545 0.939394 91.66666666666666 0.9469697 87.87878787878788 0.9015151 50.0 0.924242 81.818182 116.542126
76 vowel.scale 21 6 False 10 0.9166666 77.27272727272727 0.9469697 23.484848484848484 0.9469697 93.18181818181817 0.9318181 32.57575757575758 0.8939394 7.575757575757576 0.927273 46.818182 96.366836
77 vowel.scale 21 7 False 10 0.9242424 90.15151515151516 0.969697 95.45454545454545 0.939394 92.42424242424242 