N dataset population_size generations cross_validation cv_folds fitness0 accuracy0 fitness1 accuracy1 fitness2 accuracy2 fitness3 accuracy3 fitness4 accuracy4 fitness5 accuracy5 fitness6 accuracy6 fitness7 accuracy7 fitness8 accuracy8 fitness9 accuracy9 mean_fitness mean_accuracy time
1 vowel.scale 1 1 False 10 0.7575758 67.42424242424242 0.07575758 5.303030303030303 0.6818182 71.96969696969697 0.36363637 41.66666666666667 0.6969697 65.9090909090909 0.44696972 48.484848484848484 0.28030303 25.757575757575758 0.6969697 59.09090909090909 0.03787879 9.848484848484848 0.96212125 92.42424242424242 0.500000 48.787879 0.479739
2 vowel.scale 1 3 False 10 0.9166666 87.12121212121212 0.9545454 94.6969696969697 0.88636357 96.96969696969697 0.9772727 95.45454545454545 0.4393939 42.42424242424242 NaN NaN NaN NaN NaN NaN NaN NaN NaN NaN 0.834848 83.333333 0.551854
3 vowel.scale 1 5 False 10 0.77272725 71.21212121212122 0.16666667 7.575757575757576 0.8560606 92.42424242424242 NaN NaN NaN NaN NaN NaN NaN NaN NaN NaN NaN NaN NaN NaN 0.598485 57.070707 0.637999
4 vowel.scale 6 1 False 10 0.969697 93.18181818181817 0.9166666 93.93939393939394 0.8484848 90.9090909090909 0.7424242 64.39393939393939 0.8636364 88.63636363636364 0.9015151 94.6969696969697 0.9015151 88.63636363636364 0.9242424 87.12121212121212 0.84090906 84.0909090909091 0.87878793 81.06060606060606 0.878788 86.666667 0.861741
5 vowel.scale 6 3 False 10 0.9166666 89.39393939393939 0.939394 93.93939393939394 0.9015151 96.21212121212122 0.96212125 92.42424242424242 0.8939394 93.18181818181817 NaN NaN NaN NaN NaN NaN NaN NaN NaN NaN 0.922727 93.030303 1.007259
6 vowel.scale 6 5 False 10 0.9166666 89.39393939393939 0.9015151 90.15151515151516 0.9015151 95.45454545454545 NaN NaN NaN NaN NaN NaN NaN NaN NaN NaN NaN NaN NaN NaN 0.906566 91.666667 56.304630
7 vowel.scale 11 1 False 10 0.8257576 71.96969696969697 0.9242424 94.6969696969697 0.7954545 86.36363636363636 0.7424242 67.42424242424242 0.87878793 92.42424242424242 0.81060606 83.33333333333334 0.8939394 4.545454545454546 0.9242424 87.12121212121212 0.9242424 84.0909090909091 0.9090909 87.12121212121212 0.862879 75.909091 10.766326
8 vowel.scale 11 3 False 10 0.9469697 93.18181818181817 0.9090909 90.15151515151516 0.78030306 83.33333333333334 0.9772727 95.45454545454545 0.939394 93.93939393939394 NaN NaN NaN NaN NaN NaN NaN NaN NaN NaN 0.910606 91.212121 30.735171
9 vowel.scale 11 5 False 10 0.9242424 66.66666666666666 0.9545454 25.0 0.88636357 72.72727272727273 NaN NaN NaN NaN NaN NaN NaN NaN NaN NaN NaN NaN NaN NaN 0.921717 54.797980 147.943542
10 vowel.scale 16 1 False 10 0.9015151 82.57575757575758 0.9090909 18.181818181818183 0.7424242 72.72727272727273 0.939394 86.36363636363636 0.8939394 90.9090909090909 0.8333333 74.24242424242425 0.88636357 89.39393939393939 0.9242424 52.27272727272727 0.9469697 92.42424242424242 0.77272725 68.18181818181817 0.875000 72.727273 31.768124
11 vowel.scale 16 3 False 10 0.9469697 93.18181818181817 0.9166666 66.66666666666666 0.88636357 96.96969696969697 0.88636357 90.9090909090909 0.9166666 65.9090909090909 NaN NaN NaN NaN NaN NaN NaN NaN NaN NaN 0.910606 82.727273 57.628852
12 vowel.scale 16 5 False 10 0.9469697 6.8181818181818175 0.9166666 93.18181818181817 0.9166666 15.909090909090908 NaN NaN NaN NaN NaN NaN NaN NaN NaN NaN NaN NaN NaN NaN 0.926768 38.636364 78.497351
13 vowel.scale 21 1 False 10 0.9772727 93.93939393939394 0.9015151 66.66666666666666 0.9015151 25.0 0.9772727 96.21212121212122 0.8939394 93.18181818181817 0.9318181 71.96969696969697 0.9090909 87.12121212121212 0.939394 89.39393939393939 0.9469697 92.42424242424242 0.8939394 87.87878787878788 0.927273 80.378788 36.193788
14 vowel.scale 21 3 False 10 0.98484844 93.93939393939394 0.9545454 94.6969696969697 0.9090909 75.0 0.99242425 71.21212121212122 0.8939394 29.545454545454547 NaN NaN NaN NaN NaN NaN NaN NaN NaN NaN 0.946970 72.878788 52.169638
15 vowel.scale 21 5 False 10 0.9318181 84.0909090909091 0.9166666 93.18181818181817 0.939394 99.24242424242425 NaN NaN NaN NaN NaN NaN NaN NaN NaN NaN NaN NaN NaN NaN 0.929293 92.171717 56.769162
16 vowel.scale 26 1 False 10 0.9015151 82.57575757575758 0.939394 93.18181818181817 0.87878793 71.96969696969697 0.939394 86.36363636363636 0.9166666 11.363636363636363 0.9166666 78.78787878787878 0.9166666 43.18181818181818 0.9318181 89.39393939393939 0.98484844 95.45454545454545 0.9242424 87.12121212121212 0.925000 73.939394 39.104895
17 vowel.scale 26 3 False 10 0.9772727 93.93939393939394 0.9545454 94.6969696969697 0.88636357 96.96969696969697 0.96212125 92.42424242424242 0.9166666 90.9090909090909 NaN NaN NaN NaN NaN NaN NaN NaN NaN NaN 0.939394 93.787879 63.894412
18 vowel.scale 26 5 False 10 0.9166666 89.39393939393939 0.9469697 95.45454545454545 0.9090909 53.03030303030303 NaN NaN NaN NaN NaN NaN NaN NaN NaN NaN NaN NaN NaN NaN 0.924242 79.292929 88.921153
19 vowel.scale 31 1 False 10 0.9772727 74.24242424242425 0.9469697 94.6969696969697 0.9090909 97.72727272727273 0.98484844 95.45454545454545 0.8636364 92.42424242424242 0.8636364 91.66666666666666 0.939394 93.93939393939394 0.9318181 89.39393939393939 0.96212125 93.93939393939394 0.96212125 92.42424242424242 0.934091 91.590909 50.969131
20 vowel.scale 31 3 False 10 0.9242424 84.0909090909091 0.9318181 95.45454545454545 0.9015151 94.6969696969697 0.99242425 94.6969696969697 0.939394 92.42424242424242 NaN NaN NaN NaN NaN NaN NaN NaN NaN NaN 0.937879 92.272727 81.282855
21 vowel.scale 31 5 False 10 0.9318181 87.12121212121212 0.9242424 93.18181818181817 0.8939394 95.45454545454545 NaN NaN NaN NaN NaN NaN NaN NaN NaN NaN NaN NaN NaN NaN 0.916667 91.919192 275.249087
22 vowel.scale 36 1 False 10 0.9772727 93.93939393939394 0.9242424 93.18181818181817 0.9015151 95.45454545454545 0.9772727 93.93939393939394 0.8939394 93.18181818181817 0.9318181 96.21212121212122 0.9166666 90.9090909090909 0.939394 87.12121212121212 0.939394 93.93939393939394 0.9469697 91.66666666666666 0.934848 92.954545 52.886826
23 vowel.scale 36 3 False 10 