N dataset population_size generations cross_validation cv_folds fitness0 accuracy0 fitness1 accuracy1 fitness2 accuracy2 fitness3 accuracy3 fitness4 accuracy4 fitness5 accuracy5 fitness6 accuracy6 fitness7 accuracy7 fitness8 accuracy8 fitness9 accuracy9 mean_fitness mean_accuracy time
1 iris.scale 1 1 False 10 0.91891897 94.5945945945946 1.0 97.2972972972973 0.945946 97.2972972972973 1.0 97.2972972972973 0.945946 100.0 0.8648649 94.5945945945946 0.35135135 37.83783783783784 0.972973 94.5945945945946 0.972973 94.5945945945946 0.972973 97.2972972972973 0.894595 90.540541 0.322256
2 iris.scale 1 3 False 10 0.8918919 94.5945945945946 1.0 97.2972972972973 0.945946 97.2972972972973 0.972973 94.5945945945946 1.0 100.0 NaN NaN 0.962162 96.756757 0.337548
3 iris.scale 1 5 False 10 0.91891897 94.5945945945946 1.0 97.2972972972973 0.945946 100.0 NaN NaN 0.954955 97.297297 0.480639
4 iris.scale 11 1 False 10 0.945946 94.5945945945946 1.0 97.2972972972973 0.945946 97.2972972972973 1.0 94.5945945945946 1.0 97.2972972972973 0.972973 97.2972972972973 1.0 97.2972972972973 0.972973 94.5945945945946 0.972973 94.5945945945946 0.972973 89.1891891891892 0.978378 95.405405 8.464357
5 iris.scale 11 3 False 10 0.945946 94.5945945945946 1.0 97.2972972972973 0.945946 86.48648648648648 1.0 94.5945945945946 1.0 100.0 NaN NaN 0.978378 94.594595 6.991226
6 iris.scale 11 5 False 10 0.945946 94.5945945945946 1.0 97.2972972972973 0.972973 97.2972972972973 NaN NaN 0.972973 96.396396 19.129507
7 iris.scale 21 1 False 10 0.91891897 94.5945945945946 1.0 97.2972972972973 0.972973 97.2972972972973 1.0 94.5945945945946 1.0 100.0 0.972973 97.2972972972973 1.0 97.2972972972973 1.0 94.5945945945946 0.972973 100.0 0.972973 97.2972972972973 0.981081 97.027027 7.369896
8 iris.scale 21 3 False 10 0.945946 94.5945945945946 1.0 100.0 0.972973 97.2972972972973 1.0 94.5945945945946 1.0 100.0 NaN NaN 0.983784 97.297297 19.223941
9 iris.scale 21 5 False 10 0.945946 94.5945945945946 1.0 100.0 0.972973 97.2972972972973 NaN NaN 0.972973 97.297297 35.334508
10 iris.scale 31 1 False 10 0.945946 94.5945945945946 1.0 97.2972972972973 0.945946 97.2972972972973 1.0 94.5945945945946 1.0 81.08108108108108 0.972973 97.2972972972973 1.0 83.78378378378379 1.0 94.5945945945946 0.972973 94.5945945945946 0.972973 97.2972972972973 0.981081 93.243243 11.171704
11 iris.scale 31 3 False 10 0.945946 94.5945945945946 1.0 59.45945945945946 0.972973 97.2972972972973 1.0 94.5945945945946 1.0 100.0 NaN NaN 0.983784 89.189189 13.070308
12 iris.scale 31 5 False 10 0.945946 94.5945945945946 1.0 97.2972972972973 0.972973 97.2972972972973 NaN NaN 0.972973 96.396396 40.162465
13 iris.scale 41 1 False 10 0.945946 94.5945945945946 1.0 97.2972972972973 0.945946 97.2972972972973 1.0 94.5945945945946 1.0 97.2972972972973 0.972973 97.2972972972973 1.0 91.8918918918919 0.972973 94.5945945945946 0.972973 94.5945945945946 0.972973 97.2972972972973 0.978378 95.675676 9.726028
14 iris.scale 41 3 False 10 0.945946 94.5945945945946 1.0 97.2972972972973 0.972973 97.2972972972973 1.0 86.48648648648648 1.0 97.2972972972973 NaN NaN 0.983784 94.594595 13.818118
15 iris.scale 41 5 False 10 0.945946 94.5945945945946 1.0 97.2972972972973 0.972973 97.2972972972973 NaN NaN 0.972973 96.396396 28.029209
16 iris.scale 51 1 False 10 0.945946 94.5945945945946 1.0 97.2972972972973 0.972973 97.2972972972973 1.0 89.1891891891892 1.0 97.2972972972973 0.972973 97.2972972972973 1.0 91.8918918918919 1.0 94.5945945945946 0.972973 94.5945945945946 1.0 97.2972972972973 0.986487 95.135135 13.782317
17 iris.scale 51 3 False 10 0.945946 94.5945945945946 1.0 97.2972972972973 0.972973 100.0 1.0 94.5945945945946 1.0 97.2972972972973 NaN NaN 0.983784 96.756757 15.664347
18 iris.scale 51 5 False 10 0.945946 97.2972972972973 1.0 100.0 0.972973 97.2972972972973 NaN NaN 0.972973 98.198198 32.982962
19 iris.scale 61 1 False 10 0.945946 94.5945945945946 1.0 100.0 0.972973 94.5945945945946 1.0 94.5945945945946 1.0 97.2972972972973 0.972973 97.2972972972973 1.0 97.2972972972973 0.972973 97.2972972972973 0.972973 94.5945945945946 1.0 100.0 0.983784 96.756757 14.128731
20 iris.scale 61 3 False 10 0.945946 94.5945945945946 1.0 100.0 0.972973 97.2972972972973 1.0 94.5945945945946 1.0 100.0 NaN NaN 0.983784 97.297297 10.288515
21 iris.scale 61 5 False 10 0.945946 83.78378378378379 1.0 97.2972972972973 0.972973 86.48648648648648 NaN NaN 0.972973 89.189189 33.190894
22 iris.scale 71 1 False 10 0.945946 94.5945945945946 1.0 100.0 0.972973 86.48648648648648 1.0 94.5945945945946 1.0 97.2972972972973 1.0 97.2972972972973 1.0 97.2972972972973 1.0 94.5945945945946 0.972973 94.5945945945946 1.0 97.2972972972973 0.989189 95.405405 12.043945
23 iris.scale 71 3 False 10 0.945946 94.5945945945946 1.0 100.0 0.972973 86.48648648648648 1.0 94.5945945945946 1.0 97.2972972972973 NaN NaN 0.983784 94.594595 22.636101
24 iris.scale 71 5 False 10 0.945946 94.5945945945946 1.0 97.2972972972973 0.972973 86.48648648648648 NaN NaN 0.972973 92.792793 32.294378
25 iris.scale 81 1 False 10 0.945946 94.5945945945946 1.0 97.2972972972973 0.972973 97.2972972972973 1.0 94.5945945945946 1.0 97.2972972972973 0.972973 97.2972972972973 1.0 97.2972972972973 0.972973 97.2972972972973 0.972973 94.5945945945946 1.0 97.2972972972973 0.983784 96.486486 10.038603
26 iris.scale 81 3 False 10 0.945946 94.5945945945946 1.0 97.2972972972973 0.972973 86.48648648648648 1.0 97.2972972972973 1.0 97.2972972972973 NaN NaN 0.983784 94.594595 19.955911
27 iris.scale 81 5 False 10 0.945946 94.5945945945946 1.0 97.2972972972973 0.972973 97.2972972972973 NaN NaN 0.972973 96.396396 29.048702
28 iris.scale 91 1 False 10 0.945946 94.5945945945946 1.0 97.2972972972973 0.972973 97.2972972972973 1.0 89.1891891891892 1.0 100.0 1.0 97.2972972972973 1.0 97.2972972972973 1.0 94.5945945945946 0.972973 94.5945945945946 1.0 100.0 0.989189 96.216216 10.527012
29 iris.scale 91 3 False 10 0.972973 94.5945945945946 1.0 97.2972972972973 0.972973 97.2972972972973 1.0 94.5945945945946 1.0 97.2972972972973 NaN NaN 0.989189 96.216216 17.349471
30 iris.scale 91 5 False 10 0.945946 94.5945945945946 1.0 97.2972972972973 0.972973 97.2972972972973 NaN NaN 0.972973 96.396396 38.552997
31 iris.scale 101 1 False 10 0.945946 94.5945945945946 1.0 97.2972972972973 0.972973 97.2972972972973 1.0 91.8918918918919 1.0 97.2972972972973 1.0 54.054054054054056 1.0 91.8918918918919 1.0 94.5945945945946 0.972973 94.5945945945946 1.0 97.2972972972973 0.989189 91.081081 14.033821
32 iris.scale 101 3 False 10 0.945946 97.2972972972973 1.0 97.2972972972973 0.972973 97.2972972972973 1.0 94.5945945945946 1.0 97.2972972972973 NaN NaN 0.983784 96.756757 15.934800
33 iris.scale 101 5 False 10 0.972973 97.2972972972973 1.0 100.0 0.972973 97.2972972972973 NaN NaN 0.981982 98.198198 34.204682
34 dna.scale 1 1 False 10 0.912 91.0 0.87200004 90.0 0.92 90.4 0.936 94.6 0.94200003 92.0 0.594 66.0 0.94200003 94.6 0.23 21.6 0.94 94.0 0.574 60.0 0.786200 79.420000 5.514922
35 dna.scale 1 3 False 10 0.92800003 92.0 0.898 92.60000000000001 0.908 88.2 0.912 93.2 0.566 57.599999999999994 NaN NaN 0.842400 84.720000 5.486277
36 dna.scale 1 5 False 10 0.912 91.0 0.94600004 96.39999999999999 0.95 95.0 NaN NaN 0.936000 94.133333 9.574285
37 dna.scale 11 1 False 10 0.926 92.0 0.92999995 96.0 0.94600004 96.0 0.924 95.0 0.944 94.6 0.954 94.39999999999999 0.944 94.8 0.934 96.0 0.94200003 94.6 0.934 92.60000000000001 0.937800 94.600000 174.716392
38 dna.scale 11 3 False 10 0.94200003 94.8 0.94600004 95.19999999999999 0.94600004 93.2 0.936 94.19999999999999 0.94600004 94.6 NaN NaN 0.943200 94.400000 494.923418
39 dna.scale 11 5 False 10 0.93200004 91.0 0.94200003 97.2 0.954 94.0 NaN NaN 0.942667 94.066667 874.972299
40 dna.scale 21 1 False 10 0.936 93.8 0.94799995 96.8 0.954 95.39999999999999 0.936 94.6 0.956 94.6 0.958 94.8 0.944 94.8 0.94600004 96.2 0.94200003 94.6 0.944 92.80000000000001 0.946400 94.840000 252.370475
41 dna.scale 21 3 False 10 0.94 94.39999999999999 0.952 94.8 0.944 94.39999999999999 0.93799996 94.39999999999999 0.94600004 94.39999999999999 NaN NaN 0.944000 94.480000 512.828071
42 dna.scale 21 5 False 10 0.94200003 92.60000000000001 0.94799995 96.6 0.954 95.39999999999999 NaN NaN 0.948000 94.866667 1022.776891
43 dna.scale 31 1 False 10 0.94 93.8 0.944 96.2 1.0 88.2 0.93799996 94.6 0.956 95.0 0.958 94.6 0.944 94.8 0.94200003 94.0 0.94200003 94.6 0.944 92.80000000000001 0.950800 93.860000 343.144621
44 dna.scale 31 3 False 10 0.94 94.8 1.0 95.6 0.954 95.39999999999999 0.944 94.39999999999999 0.956 95.6 NaN NaN 0.958800 95.160000 786.736458
45 dna.scale 31 5 False 10 0.94 94.6 1.0 57.99999999999999 