N dataset population_size generations cross_validation cv_folds fitness accuracy time
1 iris.scale 1 1 False 10 0.9666667 100.0 0.343748
2 iris.scale 1 2 False 10 0.9666667 93.33333333333333 0.345954
3 iris.scale 1 3 False 10 0.9666667 100.0 0.322126
4 iris.scale 1 4 False 10 0.9666667 100.0 0.440860
5 iris.scale 1 5 False 10 0.9666667 100.0 0.394153
6 iris.scale 2 1 False 10 0.9666667 100.0 7.861709
7 iris.scale 2 2 False 10 0.9666667 100.0 8.867015
8 iris.scale 2 3 False 10 0.9666667 100.0 11.342905
9 iris.scale 2 4 False 10 0.9666667 100.0 13.175323
10 iris.scale 2 5 False 10 0.9666667 100.0 8.929975
11 iris.scale 3 1 False 10 0.9666667 100.0 6.757892
12 iris.scale 3 2 False 10 0.9666667 96.66666666666667 0.389360
13 iris.scale 3 3 False 10 0.9666667 83.33333333333334 0.589002
14 iris.scale 3 4 False 10 0.9666667 100.0 0.535032
15 iris.scale 3 5 False 10 0.9666667 100.0 0.627075
16 iris.scale 4 1 False 10 0.9666667 100.0 7.924825
17 iris.scale 4 2 False 10 0.9666667 100.0 20.905440
18 iris.scale 4 3 False 10 0.9666667 100.0 3.097223
19 iris.scale 4 4 False 10 0.9666667 100.0 9.460237
20 iris.scale 4 5 False 10 0.9666667 100.0 5.580878
21 iris.scale 5 1 False 10 0.9666667 100.0 4.719489
22 iris.scale 5 2 False 10 0.9666667 100.0 0.964515
23 iris.scale 5 3 False 10 0.9666667 76.66666666666667 8.114654
24 iris.scale 5 4 False 10 0.9666667 100.0 24.228587
25 iris.scale 5 5 False 10 0.9666667 100.0 12.138618
26 iris.scale 6 1 False 10 0.9666667 100.0 8.051454
27 iris.scale 6 2 False 10 0.9666667 100.0 7.805705
28 iris.scale 6 3 False 10 0.9666667 100.0 21.324727
29 iris.scale 6 4 False 10 0.9666667 96.66666666666667 1.002004
30 iris.scale 6 5 False 10 0.9666667 100.0 9.133717
31 iris.scale 7 1 False 10 0.9666667 100.0 8.705894
32 iris.scale 7 2 False 10 0.9666667 86.66666666666667 7.817051
33 iris.scale 7 3 False 10 0.9666667 100.0 12.978928
34 iris.scale 7 4 False 10 0.9666667 70.0 26.718946
35 iris.scale 7 5 False 10 0.9666667 100.0 8.945333
36 iris.scale 8 1 False 10 0.9666667 96.66666666666667 15.474891
37 iris.scale 8 2 False 10 0.9666667 100.0 34.642458
38 iris.scale 8 3 False 10 0.9666667 96.66666666666667 12.730458
39 iris.scale 8 4 False 10 0.9666667 100.0 6.814789
40 iris.scale 8 5 False 10 0.9666667 96.66666666666667 58.472515
41 iris.scale 9 1 False 10 0.9666667 100.0 15.787199
42 iris.scale 9 2 False 10 0.9666667 100.0 0.475230
43 iris.scale 9 3 False 10 0.9666667 100.0 45.032831
44 iris.scale 9 4 False 10 0.9666667 100.0 7.537911
45 iris.scale 9 5 False 10 0.9666667 100.0 22.364703
46 iris.scale 10 1 False 10 0.9666667 100.0 5.638110
47 iris.scale 10 2 False 10 0.9666667 100.0 15.241020
48 iris.scale 10 3 False 10 0.9666667 100.0 0.807634
49 iris.scale 10 4 False 10 1.0 100.0 0.612689
50 iris.scale 10 5 False 10 0.9666667 96.66666666666667 0.958285
51 iris.scale 11 1 False 10 1.0 100.0 0.485566
52 iris.scale 11 2 False 10 0.9666667 83.33333333333334 9.446826
53 iris.scale 11 3 False 10 0.9666667 80.0 9.417469
54 iris.scale 11 4 False 10 0.9666667 100.0 24.973234
55 iris.scale 11 5 False 10 0.9666667 100.0 17.579198
56 iris.scale 12 1 False 10 0.9666667 100.0 5.305629
57 iris.scale 12 2 False 10 0.9666667 100.0 9.871905
58 iris.scale 12 3 False 10 0.9666667 73.33333333333333 42.243424
59 iris.scale 12 4 False 10 0.9666667 100.0 27.846707
60 iris.scale 12 5 False 10 0.9666667 100.0 61.437845
61 iris.scale 13 1 False 10 0.9666667 100.0 7.008201
62 iris.scale 13 2 False 10 0.9666667 100.0 14.637559
63 iris.scale 13 3 False 10 0.9666667 100.0 6.142451
64 iris.scale 13 4 False 10 0.9666667 100.0 58.558550
65 iris.scale 13 5 False 10 0.9666667 100.0 7.536281
66 iris.scale 14 1 False 10 0.9666667 100.0 0.655793
67 iris.scale 14 2 False 10 0.9666667 86.66666666666667 13.602019
68 iris.scale 14 3 False 10 0.9666667 100.0 9.950509
69 iris.scale 14 4 False 10 0.9666667 96.66666666666667 9.383374
70 iris.scale 14 5 False 10 0.9666667 96.66666666666667 29.055084
71 iris.scale 15 1 False 10 0.9666667 100.0 13.221931
72 iris.scale 15 2 False 10 0.9666667 100.0 32.589870
73 iris.scale 15 3 False 10 0.9666667 96.66666666666667 9.972123
74 iris.scale 15 4 False 10 0.9666667 100.0 9.111060
75 iris.scale 15 5 False 10 0.9666667 100.0 13.223047
76 iris.scale 16 1 False 10 0.9666667 100.0 18.633998
77 iris.scale 16 2 False 10 0.9666667 100.0 19.417696
78 iris.scale 16 3 False 10 0.9666667 100.0 5.862952
79 iris.scale 16 4 False 10 0.9666667 100.0 34.511694
80 iris.scale 16 5 False 10 0.9666667 100.0 33.268050
81 iris.scale 17 1 False 10 0.9666667 100.0 5.029961
82 iris.scale 17 2 False 10 0.9666667 100.0 24.860881
83 iris.scale 17 3 False 10 0.9666667 100.0 11.176727
84 iris.scale 17 4 False 10 0.9666667 80.0 17.530409
85 iris.scale 17 5 False 10 0.9666667 100.0 1.131361
86 iris.scale 18 1 False 10 0.9666667 100.0 0.762747
87 iris.scale 18 2 False 10 0.9666667 100.0 1.019727
88 iris.scale 18 3 False 10 0.9666667 100.0 26.050421
89 iris.scale 18 4 False 10 0.9666667 100.0 16.965427
90 iris.scale 18 5 False 10 0.9666667 96.66666666666667 19.654744
91 iris.scale 19 1 False 10 0.9666667 100.0 18.306476
92 iris.scale 19 2 False 10 0.9666667 100.0 3.761648
93 iris.scale 19 3 False 10 0.9666667 100.0 6.249908
94 iris.scale 19 4 False 10 0.9666667 76.66666666666667 17.224886
95 iris.scale 19 5 False 10 0.9666667 83.33333333333334 13.063963
96 iris.scale 20 1 False 10 0.9666667 100.0 10.892050
97 iris.scale 20 2 False 10 0.9666667 100.0 32.907130
98 iris.scale 20 3 False 10 0.9666667 100.0 22.152434
99 iris.scale 20 4 False 10 0.9666667 100.0 29.822987
100 iris.scale 20 5 False 10 0.9666667 100.0 28.886265
101 dna.scale 1 1 False 10 0.90893763 92.5 2.855452
102 dna.scale 1 2 False 10 0.90893763 92.5 3.927567
103 dna.scale 1 3 False 10 0.94603705 96.16666666666667 11.034594
104 dna.scale 1 4 False 10 0.8549747 88.66666666666667 31.471305
105 dna.scale 1 5 False 10 0.91652614 95.0 36.139277
106 dna.scale 2 1 False 10 0.88701516 96.0 316.239766
107 dna.scale 2 2 False 10 0.7925801 82.5 163.774385
108 dna.scale 2 3 False 10 0.90893763 92.5 281.563852
109 dna.scale 2 4 False 10 0.9418213 96.0 455.411647
110 dna.scale 2 5 False 10 0.93086004 94.66666666666667 81.224678
111 dna.scale 3 1 False 10 0.93338954 22.166666666666668 336.669768
112 dna.scale 3 2 False 10 