N dataset population_size generations cross_validation cv_folds fitness0 accuracy0 fitness1 accuracy1 fitness2 accuracy2 fitness3 accuracy3 fitness4 accuracy4 fitness5 accuracy5 fitness6 accuracy6 fitness7 accuracy7 fitness8 accuracy8 fitness9 accuracy9 mean_fitness mean_accuracy time
0 dna.scale 1 1 False 10 0.912 91.0 0.87200004 90.0 0.92 90.4 0.936 94.6 0.94200003 92.0 0.594 66.0 0.94200003 94.6 0.23 21.6 0.94 94.0 0.574 60.0 0.786200 79.420000 5.514922
1 dna.scale 1 3 False 10 0.92800003 92.0 0.898 92.60000000000001 0.908 88.2 0.912 93.2 0.566 57.599999999999994 NaN NaN 0.842400 84.720000 5.486277
2 dna.scale 1 5 False 10 0.912 91.0 0.94600004 96.39999999999999 0.95 95.0 NaN NaN 0.936000 94.133333 9.574285
3 dna.scale 11 1 False 10 0.926 92.0 0.92999995 96.0 0.94600004 96.0 0.924 95.0 0.944 94.6 0.954 94.39999999999999 0.944 94.8 0.934 96.0 0.94200003 94.6 0.934 92.60000000000001 0.937800 94.600000 174.716392
4 dna.scale 11 3 False 10 0.94200003 94.8 0.94600004 95.19999999999999 0.94600004 93.2 0.936 94.19999999999999 0.94600004 94.6 NaN NaN 0.943200 94.400000 494.923418
5 dna.scale 11 5 False 10 0.93200004 91.0 0.94200003 97.2 0.954 94.0 NaN NaN 0.942667 94.066667 874.972299
6 dna.scale 21 1 False 10 0.936 93.8 0.94799995 96.8 0.954 95.39999999999999 0.936 94.6 0.956 94.6 0.958 94.8 0.944 94.8 0.94600004 96.2 0.94200003 94.6 0.944 92.80000000000001 0.946400 94.840000 252.370475
7 dna.scale 21 3 False 10 0.94 94.39999999999999 0.952 94.8 0.944 94.39999999999999 0.93799996 94.39999999999999 0.94600004 94.39999999999999 NaN NaN 0.944000 94.480000 512.828071
8 dna.scale 21 5 False 10 0.94200003 92.60000000000001 0.94799995 96.6 0.954 95.39999999999999 NaN NaN 0.948000 94.866667 1022.776891
9 dna.scale 31 1 False 10 0.94 93.8 0.944 96.2 1.0 88.2 0.93799996 94.6 0.956 95.0 0.958 94.6 0.944 94.8 0.94200003 94.0 0.94200003 94.6 0.944 92.80000000000001 0.950800 93.860000 343.144621
10 dna.scale 31 3 False 10 0.94 94.8 1.0 95.6 0.954 95.39999999999999 0.944 94.39999999999999 0.956 95.6 NaN NaN 0.958800 95.160000 786.736458
11 dna.scale 31 5 False 10 0.94 94.6 1.0 57.99999999999999
12 dna.scale 31 5 False 10 0.9639999 93.60000000000001 0.954 95.0 0.95 94.39999999999999 NaN NaN 0.956000 94.333333 1593.059994
13 dna.scale 41 1 False 10 0.9639999 93.8 0.952 94.39999999999999 0.952 94.6 0.94799995 93.60000000000001 0.94 93.2 0.958 94.39999999999999 0.95 92.4 0.954 95.39999999999999 0.92999995 94.8 0.96000004 94.6 0.950800 94.120000 679.598882
14 dna.scale 41 3 False 10 0.9639999 93.8 0.954 94.6 0.94600004 94.19999999999999 0.958 93.4 0.94799995 94.6 NaN NaN 0.954000 94.120000 1001.760408
15 dna.scale 41 5 False 10 0.96199995 93.60000000000001 0.956 94.8 0.952 94.39999999999999 NaN NaN 0.956667 94.266667 1426.802449
16 dna.scale 51 1 False 10 0.9639999 93.4 0.952 94.6 0.94600004 94.0 0.954 93.60000000000001 0.944 94.6 0.96000004 94.8 0.952 93.0 0.94799995 92.60000000000001 0.93200004 94.39999999999999 0.96199995 94.8 0.951400 93.980000 510.205401
17 dna.scale 51 3 False 10 0.9639999 93.8 0.956 95.0 0.954 95.0 0.958 93.4 0.94799995 94.39999999999999 NaN NaN 0.956000 94.320000 1158.706883
18 dna.scale 51 5 False 10 0.9639999 94.0 0.956 94.6 0.952 94.39999999999999 NaN NaN 0.957333 94.333333 1598.878645
19 dna.scale 61 1 False 10 0.956 95.6 0.954 95.39999999999999 0.952 94.19999999999999 0.936 95.39999999999999 0.96199995 94.39999999999999 0.952 94.19999999999999 0.94200003 94.8 0.95 95.6 0.94799995 93.8 0.952 95.0 0.950400 94.840000 509.138934
20 dna.scale 61 3 False 10 0.958 95.39999999999999 0.956 94.6 0.958 95.19999999999999 0.954 95.8 0.96199995 95.19999999999999 NaN NaN 0.957600 95.240000 1338.719378
21 dna.scale 61 5 False 10 0.958 95.6
