N dataset population_size generations cross_validation cv_folds fitness0 accuracy0 fitness1 accuracy1 fitness2 accuracy2 fitness3 accuracy3 fitness4 accuracy4 fitness5 accuracy5 fitness6 accuracy6 fitness7 accuracy7 fitness8 accuracy8 fitness9 accuracy9 mean_fitness mean_accuracy time
0 iris.scale 1 1 False 10 0.91891897 94.5945945945946 1.0 97.2972972972973 0.945946 97.2972972972973 1.0 97.2972972972973 0.945946 100.0 0.8648649 94.5945945945946 0.35135135 37.83783783783784 0.972973 94.5945945945946 0.972973 94.5945945945946 0.972973 97.2972972972973 0.894595 90.540541 0.322256
1 iris.scale 1 3 False 10 0.8918919 94.5945945945946 1.0 97.2972972972973 0.945946 97.2972972972973 0.972973 94.5945945945946 1.0 100.0 NaN NaN 0.962162 96.756757 0.337548
2 iris.scale 1 5 False 10 0.91891897 94.5945945945946 1.0 97.2972972972973 0.945946 100.0 NaN NaN 0.954955 97.297297 0.480639
3 iris.scale 11 1 False 10 0.945946 94.5945945945946 1.0 97.2972972972973 0.945946 97.2972972972973 1.0 94.5945945945946 1.0 97.2972972972973 0.972973 97.2972972972973 1.0 97.2972972972973 0.972973 94.5945945945946 0.972973 94.5945945945946 0.972973 89.1891891891892 0.978378 95.405405 8.464357
4 iris.scale 11 3 False 10 0.945946 94.5945945945946 1.0 97.2972972972973 0.945946 86.48648648648648 1.0 94.5945945945946 1.0 100.0 NaN NaN 0.978378 94.594595 6.991226
5 iris.scale 11 5 False 10 0.945946 94.5945945945946 1.0 97.2972972972973 0.972973 97.2972972972973 NaN NaN 0.972973 96.396396 19.129507
6 iris.scale 21 1 False 10 0.91891897 94.5945945945946 1.0 97.2972972972973 0.972973 97.2972972972973 1.0 94.5945945945946 1.0 100.0 0.972973 97.2972972972973 1.0 97.2972972972973 1.0 94.5945945945946 0.972973 100.0 0.972973 97.2972972972973 0.981081 97.027027 7.369896
7 iris.scale 21 3 False 10 0.945946 94.5945945945946 1.0 100.0 0.972973 97.2972972972973 1.0 94.5945945945946 1.0 100.0 NaN NaN 0.983784 97.297297 19.223941
8 iris.scale 21 5 False 10 0.945946 94.5945945945946 1.0 100.0 0.972973 97.2972972972973 NaN NaN 0.972973 97.297297 35.334508
9 iris.scale 31 1 False 10 0.945946 94.5945945945946 1.0 97.2972972972973 0.945946 97.2972972972973 1.0 94.5945945945946 1.0 81.08108108108108 0.972973 97.2972972972973 1.0 83.78378378378379 1.0 94.5945945945946 0.972973 94.5945945945946 0.972973 97.2972972972973 0.981081 93.243243 11.171704
10 iris.scale 31 3 False 10 0.945946 94.5945945945946 1.0 59.45945945945946 0.972973 97.2972972972973 1.0 94.5945945945946 1.0 100.0 NaN NaN 0.983784 89.189189 13.070308
11 iris.scale 31 5 False 10 0.945946 94.5945945945946 1.0 97.2972972972973 0.972973 97.2972972972973 NaN NaN 0.972973 96.396396 40.162465
12 iris.scale 41 1 False 10 0.945946 94.5945945945946 1.0 97.2972972972973 0.945946 97.2972972972973 1.0 94.5945945945946 1.0 97.2972972972973 0.972973 97.2972972972973 1.0 91.8918918918919 0.972973 94.5945945945946 0.972973 94.5945945945946 0.972973 97.2972972972973 0.978378 95.675676 9.726028
13 iris.scale 41 3 False 10 0.945946 94.5945945945946 1.0 97.2972972972973 0.972973 97.2972972972973 1.0 86.48648648648648 1.0 97.2972972972973 NaN NaN 0.983784 94.594595 13.818118
14 iris.scale 41 5 False 10 0.945946 94.5945945945946 1.0 97.2972972972973 0.972973 97.2972972972973 NaN NaN 0.972973 96.396396 28.029209
15 iris.scale 51 1 False 10 0.945946 94.5945945945946 1.0 97.2972972972973 0.972973 97.2972972972973 1.0 89.1891891891892 1.0 97.2972972972973 0.972973 97.2972972972973 1.0 91.8918918918919 1.0 94.5945945945946 0.972973 94.5945945945946 1.0 97.2972972972973 0.986487 95.135135 13.782317
16 iris.scale 51 3 False 10 0.945946 94.5945945945946 1.0 97.2972972972973 0.972973 100.0 1.0 94.5945945945946 1.0 97.2972972972973 NaN NaN 0.983784 96.756757 15.664347
17 iris.scale 51 5 False 10 0.945946 97.2972972972973 1.0 100.0 0.972973 97.2972972972973 NaN NaN 0.972973 98.198198 32.982962
18 iris.scale 61 1 False 10 0.945946 94.5945945945946 1.0 100.0 0.972973 94.5945945945946 1.0 94.5945945945946 1.0 97.2972972972973 0.972973 97.2972972972973 1.0 97.2972972972973 0.972973 97.2972972972973 0.972973 94.5945945945946 1.0 100.0 0.983784 96.756757 14.128731
19 iris.scale 61 3 False 10 0.945946 94.5945945945946 1.0 100.0 0.972973 97.2972972972973 1.0 94.5945945945946 1.0 100.0 NaN NaN 0.983784 97.297297 10.288515
20 iris.scale 61 5 False 10 0.945946 83.78378378378379 1.0 97.2972972972973 0.972973 86.48648648648648 NaN NaN 0.972973 89.189189 33.190894
21 iris.scale 71 1 False 10 0.945946 94.5945945945946 1.0 100.0 0.972973 86.48648648648648 1.0 94.5945945945946 1.0 97.2972972972973 1.0 97.2972972972973 1.0 97.2972972972973 1.0 94.5945945945946 0.972973 94.5945945945946 1.0 97.2972972972973 0.989189 95.405405 12.043945
22 iris.scale 71 3 False 10 0.945946 94.5945945945946 1.0 100.0 0.972973 86.48648648648648 1.0 94.5945945945946 1.0 97.2972972972973 NaN NaN 0.983784 94.594595 22.636101
23 iris.scale 71 5 False 10 0.945946 94.5945945945946 1.0 97.2972972972973 0.972973 86.48648648648648 NaN NaN 0.972973 92.792793 32.294378
24 iris.scale 81 1 False 10 0.945946 94.5945945945946 1.0 97.2972972972973 0.972973 97.2972972972973 1.0 94.5945945945946 1.0 97.2972972972973 0.972973 97.2972972972973 1.0 97.2972972972973 0.972973 97.2972972972973 0.972973 94.5945945945946 1.0 97.2972972972973 0.983784 96.486486 10.038603
25 iris.scale 81 3 False 10 0.945946 94.5945945945946 1.0 97.2972972972973 0.972973 86.48648648648648 1.0 97.2972972972973 1.0 97.2972972972973 NaN NaN 0.983784 94.594595 19.955911
26 iris.scale 81 5 False 10 0.945946 94.5945945945946 1.0 97.2972972972973 0.972973 97.2972972972973 NaN NaN 0.972973 96.396396 29.048702
27 iris.scale 91 1 False 10 0.945946 94.5945945945946 1.0 97.2972972972973 0.972973 97.2972972972973 1.0 89.1891891891892 1.0 100.0 1.0 97.2972972972973 1.0 97.2972972972973 1.0 94.5945945945946 0.972973 94.5945945945946 1.0 100.0 0.989189 96.216216 10.527012
28 iris.scale 91 3 False 10 0.972973 94.5945945945946 1.0 97.2972972972973 0.972973 97.2972972972973 1.0 94.5945945945946 1.0 97.2972972972973 NaN NaN 0.989189 96.216216 17.349471
29 iris.scale 91 5 False 10 0.945946 94.5945945945946 1.0 97.2972972972973 0.972973 97.2972972972973 NaN NaN 0.972973 96.396396 38.552997
30 iris.scale 101 1 False 10 0.945946 94.5945945945946 1.0 97.2972972972973 0.972973 97.2972972972973 1.0 91.8918918918919 1.0 97.2972972972973 1.0 54.054054054054056 1.0 91.8918918918919 1.0 94.5945945945946 0.972973 94.5945945945946 1.0 97.2972972972973 0.989189 91.081081 14.033821
31 iris.scale 101 3 False 10 0.945946 97.2972972972973 1.0 97.2972972972973 0.972973 97.2972972972973 1.0 94.5945945945946 1.0 97.2972972972973 NaN NaN 0.983784 96.756757 15.934800
32 iris.scale 101 5 False 10 0.972973 97.2972972972973 1.0 100.0 0.972973 97.2972972972973 NaN NaN 0.981982 98.198198 34.204682
