N dataset population_size generations cross_validation cv_folds fitness0 accuracy0 fitness1 accuracy1 fitness2 accuracy2 fitness3 accuracy3 fitness4 accuracy4 fitness5 accuracy5 fitness6 accuracy6 fitness7 accuracy7 fitness8 accuracy8 fitness9 accuracy9 mean_fitness mean_accuracy time
0 vowel.scale 1 1 False 10 0.81060606 67.42424242424242 0.87878793 87.87878787878788 0.68939394 73.48484848484848 0.22727272 28.78787878787879 0.121212125 15.151515151515152 0.5984849 56.060606060606055 0.7045455 67.42424242424242 0.7121212 62.121212121212125 0.8257576 87.87878787878788 0.39393938 37.878787878787875 0.596212 58.409091 0.832559
1 vowel.scale 11 1 False 10 0.969697 90.15151515151516 0.9166666 88.63636363636364 0.96212125 96.96969696969697 0.9545454 90.9090909090909 0.939394 93.93939393939394 0.9545454 91.66666666666666 0.8333333 85.60606060606061 0.9090909 90.9090909090909 0.9166666 91.66666666666666 0.88636357 88.63636363636364 0.924242 90.909091 12.937493
2 vowel.scale 21 1 False 10 0.9772727 92.42424242424242 0.88636357 87.12121212121212 0.9242424 96.21212121212122 0.939394 88.63636363636364 0.9545454 95.45454545454545 0.9166666 91.66666666666666 0.87878793 81.81818181818183 0.9318181 93.18181818181817 0.9166666 91.66666666666666 0.9015151 88.63636363636364 0.922727 90.681818 149.243003
3 vowel.scale 31 1 False 10 0.9772727 87.12121212121212 0.9090909 85.60606060606061 0.96212125 96.96969696969697 0.9772727 98.48484848484848 0.939394 92.42424242424242 0.8712121 87.12121212121212 0.9166666 89.39393939393939 0.9090909 90.9090909090909 0.96212125 96.21212121212122 0.8939394 87.12121212121212 0.931818 91.136364 162.518372
4 vowel.scale 41 1 False 10 0.969697 87.12121212121212 0.9090909 92.42424242424242 0.9469697 93.93939393939394 0.96212125 94.6969696969697 0.96212125 94.6969696969697 0.8939394 90.15151515151516 0.9166666 89.39393939393939 0.9242424 94.6969696969697 0.9772727 100.0 0.9015151 87.87878787878788 0.936364 92.500000 59.885578
5 vowel.scale 51 1 False 10 0.969697 90.15151515151516 0.9242424 93.18181818181817 0.96212125 96.21212121212122 0.99242425 95.45454545454545 0.969697 95.45454545454545 0.9469697 90.9090909090909 0.9242424 89.39393939393939 0.9090909 90.9090909090909 0.969697 97.72727272727273 0.9242424 89.39393939393939 0.949242 92.878788 151.739577
6 vowel.scale 61 1 False 10 0.96212125 86.36363636363636 0.9090909 85.60606060606061 0.939394 93.93939393939394 0.98484844 96.96969696969697 0.9545454 95.45454545454545 0.9469697 90.9090909090909 0.9166666 89.39393939393939 0.939394 94.6969696969697 0.969697 99.24242424242425 0.9166666 89.39393939393939 0.943939 92.196970 208.344489
7 vowel.scale 71 1 False 10 0.96212125 87.87878787878788 0.9242424 93.18181818181817 0.939394 93.93939393939394 0.969697 91.66666666666666 0.9469697 94.6969696969697 0.9545454 91.66666666666666 0.9166666 89.39393939393939 0.939394 94.6969696969697 0.96212125 97.72727272727273 0.9166666 89.39393939393939 0.943182 92.424242 220.531642
8 vowel.scale 81 1 False 10 0.9772727 92.42424242424242 0.939394 93.93939393939394 0.9469697 91.66666666666666 0.9772727 96.96969696969697 0.9545454 95.45454545454545 0.9469697 90.9090909090909 0.9242424 90.15151515151516 0.9318181 94.6969696969697 0.969697 98.48484848484848 0.939394 89.39393939393939 0.950758 93.409091 182.727643
